test/59.jpg 526,460,634,684,1 841,554,896,660,4 637,376,756,528,3 488,318,591,476,3 646,298,730,395,3 653,243,724,314,3 673,198,744,265,3 589,191,650,256,3 582,142,633,185,3 595,105,632,139,3 663,94,695,146,3 607,49,629,72,3 652,58,675,78,3 647,50,673,71,3 632,39,651,56,3 613,34,634,50,3 662,37,676,56,1 652,25,664,42,1 664,25,676,44,1 670,25,682,41,1 678,27,685,39,1 640,20,653,35,3 681,165,704,196,4 720,150,738,184,4 500,189,565,274,1
test/91.jpg 767,384,823,465,4 686,198,766,292,3 642,142,703,208,3 773,85,832,130,3 854,154,883,187,4 548,137,570,173,4 606,75,639,133,1 651,78,696,119,3 606,63,619,83,4 649,60,662,78,4 680,74,692,93,4 606,23,638,52,3 612,11,640,33,3 619,1,640,12,3 657,1,664,8,4
test/92.jpg 769,591,945,720,3 374,647,447,718,4 674,324,786,458,3 458,452,530,523,4 644,273,676,322,4 689,218,744,303,1 635,228,662,264,4 610,195,634,229,4 485,212,568,291,3 537,153,589,202,3 645,162,664,193,4 630,138,647,163,4 582,93,612,122,3 606,71,623,90,3 585,79,590,91,4 612,58,626,74,3 593,60,610,78,3 627,56,640,72,1 642,56,651,72,1 650,54,660,71,1 627,42,635,54,1
test/93.jpg 467,475,647,714,3 734,343,830,513,1 519,257,631,394,3 690,258,775,347,3 743,225,766,267,4 640,163,703,221,3 612,145,631,180,4 535,122,591,174,3 574,100,590,122,4 675,133,694,163,4 639,83,682,120,3 693,87,709,108,4 666,53,691,90,1 609,69,645,101,3 619,48,652,70,3 601,33,625,56,3 643,40,654,54,4 617,12,637,34,3 642,7,656,25,1 658,7,672,26,1
test/94.jpg 716,331,827,521,1 593,269,701,398,3 585,142,656,246,3 560,86,624,176,3 693,125,756,222,1 756,61,820,109,3 851,292,903,360,4 680,75,700,104,4 619,47,666,91,3 559,52,604,96,3 644,24,687,72,3 598,3,635,32,3 645,1,669,25,1 588,1,607,19,3
test/95.jpg 611,533,794,719,3 588,277,672,359,3 521,213,588,272,3 502,214,531,246,4 615,381,714,545,1 788,440,906,639,1 692,286,775,404,1 692,241,756,321,1 673,205,700,235,4 576,141,621,175,3 647,145,662,167,4 662,135,671,157,4 655,123,663,135,4 655,111,666,124,4 590,108,621,139,3 613,90,636,123,3 588,91,616,108,3 629,87,644,114,1 598,79,619,93,3 648,61,657,79,1 658,61,665,77,1
test/96.jpg 592,483,796,720,3 733,259,855,388,3 547,246,665,394,3 648,150,728,218,3 682,285,719,353,4 804,471,864,568,4 512,124,561,181,3 465,146,525,229,1 596,123,623,157,4 696,131,715,154,4 664,79,700,142,1 526,75,574,117,3 558,53,577,70,4 535,66,551,77,4 601,34,634,73,3 624,15,651,47,3 640,3,661,34,1 602,16,607,34,4 610,17,618,32,4 620,1,642,16,3 588,1,604,14,1
test/97.jpg 720,510,787,623,4 681,241,710,282,4 661,214,689,255,4 535,131,582,169,3 594,106,626,154,3 633,90,657,125,1 619,79,640,107,1 575,94,611,121,3 579,83,603,105,3 592,71,612,92,3 582,66,598,88,3 571,81,584,94,4 507,340,650,492,1
test/98.jpg 550,209,594,255,4 637,95,682,156,1 536,124,588,179,3 458,156,522,230,3 537,58,580,101,3 510,92,535,116,4 600,66,646,108,3 568,8,592,33,3 584,3,604,20,3
test/99.jpg 670,394,776,568,1 568,206,643,281,3 475,212,506,246,4 649,181,672,212,4 572,156,627,201,3 614,139,654,177,3 526,135,570,173,3 558,132,576,157,4 590,146,607,165,4 576,120,604,160,1 599,104,632,134,3 545,100,573,131,3 570,89,590,119,1 552,85,573,103,3 591,94,604,108,4 603,88,612,100,4 584,78,592,90,4 596,67,608,85,1 610,65,622,84,1 620,68,629,84,1 584,63,596,78,1 560,69,578,83,3 562,61,577,75,3
test/581.jpg 851,470,951,625,1 656,435,769,557,3 678,362,769,466,1 689,262,792,336,3 477,249,539,323,3 661,240,680,267,4 724,225,744,251,4 610,192,644,246,1 542,175,584,221,3 634,187,645,206,4 664,144,695,168,3 581,146,591,163,4 603,131,610,143,4 578,127,585,140,4 598,115,618,133,3 569,108,588,126,3 598,91,611,109,1 613,92,624,110,1 598,77,602,82,4 587,68,594,78,1 599,64,610,72,3 588,61,597,70,3
test/582.jpg 371,509,488,664,3 552,435,634,538,3 880,522,976,677,1 452,388,537,480,3 497,344,559,411,3 647,353,673,392,4 750,275,786,340,1 650,288,717,336,3 526,256,575,321,3 585,223,614,256,3 611,213,643,243,3 591,264,603,286,4 623,258,640,285,4 620,186,645,210,3 691,193,725,218,3 596,177,613,201,1 635,131,645,143,1 622,170,630,185,4 603,153,620,170,3 605,139,622,152,3 625,139,630,149,4 610,130,624,143,3 625,121,635,130,3
test/583.jpg 604,655,647,720,4 879,535,980,690,1 750,288,786,350,1 640,285,678,344,1 576,363,598,402,4 558,245,599,287,3 684,249,708,284,3 622,248,635,274,4 626,216,639,232,4 580,204,610,228,3 692,204,724,228,3 598,164,615,177,3 621,163,635,183,1 615,166,622,175,4 633,157,646,175,1 613,144,628,159,3 635,151,640,161,4 636,142,639,147,4 631,130,640,138,3
test/584.jpg 478,494,585,604,3 857,656,1002,720,3 880,546,980,688,1 523,306,585,375,3 752,303,789,365,1 629,256,687,351,2 563,266,604,303,3 568,239,600,270,3 590,221,612,251,1 613,215,639,242,0 585,210,606,231,3 593,194,614,210,3 596,185,617,202,3 694,218,727,244,3 635,185,651,208,1 621,182,636,198,3 635,169,646,188,1 610,157,621,169,3
test/585.jpg 533,623,572,704,4 608,539,637,600,4 533,442,568,494,4 604,360,630,399,4 563,335,581,364,4 853,672,1002,720,3 883,559,984,695,1 750,319,787,377,1 544,294,581,336,3 633,301,647,324,4 615,260,640,301,1 591,274,603,295,4 634,247,646,260,4 694,233,726,258,3 589,217,615,237,3 617,220,625,235,4 626,190,652,226,2 592,206,612,222,3 601,192,621,209,3 627,180,641,192,3 638,176,651,192,1 607,178,621,193,1
test/586.jpg 874,446,964,604,1 689,258,739,339,1 556,201,576,228,4 750,210,765,236,4 685,121,718,145,3 584,119,605,152,1 606,124,616,142,4 591,107,599,118,4 625,112,635,127,4 632,89,647,114,1 610,77,627,91,3 594,71,612,86,3 630,70,643,84,1 610,71,618,80,4 621,59,626,68,4 615,60,621,68,4 633,54,636,62,4 606,48,617,58,3 608,41,618,48,3
test/587.jpg 676,602,714,680,4 588,369,614,417,4 624,353,650,391,4 734,336,763,375,4 883,540,983,689,1 866,664,1003,720,3 553,297,594,361,1 550,274,588,317,3 632,267,671,305,3 588,259,600,280,4 632,233,661,270,3 616,238,629,258,4 574,219,607,244,3 692,215,725,238,3 752,298,789,361,1 630,218,640,234,4 637,199,645,212,4 588,199,613,222,3 606,189,627,209,3 596,183,614,199,3 617,183,623,192,3 634,177,648,192,3 610,160,622,172,3 611,177,616,185,4 617,176,623,184,4 634,159,637,167,4 617,149,627,159,3 614,145,624,155,3 628,137,642,157,2 630,169,643,186,1
test/588.jpg 581,469,611,527,4 388,524,514,648,3 860,654,1003,720,3 880,544,984,673,1 488,385,563,463,3 750,300,787,360,1 689,301,736,361,1 520,303,572,353,3 597,283,633,323,3 561,264,594,311,1 626,266,657,309,1 562,245,595,279,3 589,242,600,261,4 640,231,650,247,4 600,222,627,249,3 618,209,638,238,1 610,196,629,223,1 630,188,645,211,1 693,217,726,240,3 592,188,612,206,3 595,178,611,195,3 605,183,623,198,3
test/589.jpg 879,537,980,694,1 565,453,598,505,4 637,324,679,402,1 751,291,789,350,1 544,273,595,325,3 610,273,627,301,4 619,235,631,255,4 572,217,604,246,3 692,208,725,231,3 623,171,635,193,1 596,171,616,188,3 669,251,702,286,3 635,160,645,177,1 618,173,622,184,4 610,152,627,167,3 631,132,639,143,3 634,146,638,153,4 615,148,619,151,4 616,139,620,145,4
test/590.jpg 552,599,589,684,4 624,370,678,471,1 532,292,584,357,3
test/591.jpg 399,466,493,574,3 720,450,815,596,1 880,522,976,678,1 628,363,680,460,1 514,383,596,478,3 600,364,620,398,4 518,308,579,366,3 749,277,786,334,1 557,258,606,299,3 564,223,600,255,3 570,209,597,234,3 578,195,606,221,3 606,173,627,197,3 588,169,609,192,3 595,154,614,173,3 625,161,645,178,3 621,191,626,201,4 646,194,653,208,4 648,217,673,253,1 614,229,640,276,1 612,203,641,232,3 691,195,726,220,3 629,182,638,193,4 617,161,622,171,4 632,147,643,163,1 604,144,622,156,3
test/592.jpg 872,474,964,630,1 685,284,737,363,1 619,160,651,190,3 748,231,762,254,4 597,163,607,178,4 763,288,794,319,4 574,161,582,175,4 608,156,620,169,4 577,139,603,166,3 614,124,630,150,1 681,144,716,172,3 582,114,604,135,3 596,102,612,122,3 625,99,630,109,4 616,98,620,108,4 598,96,603,106,4 609,64,621,83,2
test/593.jpg 676,611,800,720,1 867,498,968,653,1 407,415,514,542,3 562,329,614,424,1 466,346,540,438,3 499,294,575,362,3 749,255,766,286,4 600,243,619,269,4 552,230,566,258,4 606,210,622,232,4 643,173,667,204,1 684,171,717,195,3 618,173,626,188,4 604,164,612,179,4 599,137,614,159,1 612,127,623,151,1 594,124,601,132,4 616,110,636,138,2 601,110,613,123,3
test/594.jpg 504,508,633,699,3 760,659,816,720,4 408,611,459,707,4 868,456,963,609,1 455,333,542,418,3 551,293,570,338,4 587,285,608,322,4 608,259,625,291,4 583,238,602,270,4 529,202,576,245,3 739,212,779,271,1 578,159,605,200,1 614,156,626,176,4 613,123,640,155,2 594,105,614,137,3 578,105,598,128,3 618,87,646,128,2 604,86,622,104,3 587,92,603,108,3
test/595.jpg 690,318,742,419,1 871,496,963,653,1 573,338,591,372,4 513,320,536,361,4 571,292,587,317,4 629,232,684,277,3 543,219,588,261,3 603,213,614,236,4 601,181,626,218,1 554,177,587,209,3 578,170,602,194,3 590,158,618,183,3 630,150,650,177,1 682,167,715,192,3 750,255,763,279,4 586,146,594,159,4 607,151,616,163,4 622,138,630,149,4 608,138,614,149,4 613,130,620,139,4 612,110,624,126,1 604,106,614,120,1 630,109,634,115,4 603,95,618,115,2
test/596.jpg 356,460,492,628,3 866,447,966,605,1 538,303,594,407,1 605,248,629,282,4 743,205,776,262,1 636,163,680,212,2 607,138,636,183,3 582,156,594,176,4 558,131,592,161,3 592,113,613,142,1 569,113,594,133,3 616,88,652,138,2 578,99,598,116,3 577,91,596,106,3 603,93,622,111,3 588,84,608,101,3 614,72,627,85,3 630,69,642,86,1 592,69,603,90,3 596,54,612,82,0 634,61,639,68,4
test/597.jpg 566,609,608,691,4 572,509,610,564,4 648,510,743,652,1 877,551,976,683,1 857,663,987,720,3 323,688,458,720,3 491,393,575,479,3 536,321,592,368,3 659,325,682,352,4 770,524,817,582,4 750,306,787,368,1 605,285,622,310,4 594,269,610,288,4 610,237,638,266,3 617,227,627,234,4 585,209,609,231,3 636,197,654,222,1 618,200,627,213,4 611,185,630,199,3 601,189,608,197,4 605,178,620,192,3 630,185,635,192,4 634,160,650,179,2 693,226,726,250,3
test/598.jpg 414,572,531,705,3 474,462,551,550,3 590,585,631,645,4 881,593,981,720,1 746,346,789,405,1 601,336,636,394,1 541,318,586,358,3 577,268,608,296,3 588,254,616,276,3 634,240,653,266,1 593,238,616,261,3 602,231,618,247,3 600,223,614,237,3 626,242,631,254,4 620,228,625,235,4 604,213,620,227,3 627,208,647,230,2 626,201,630,205,4 635,196,643,208,1 637,186,642,194,1
test/599.jpg 577,542,672,720,1 762,504,851,679,1 878,515,977,670,1 632,293,668,363,1 751,272,786,327,1 413,464,528,584,3 501,356,568,430,3 543,294,604,348,3 512,268,566,316,3 682,288,699,318,4 637,246,650,268,4 603,244,616,266,4 662,234,675,254,4 625,232,637,255,4 610,227,625,246,4 562,214,602,255,3 587,203,616,232,3 692,187,725,210,3 622,176,650,199,3 604,186,613,200,4 634,154,650,178,1 619,151,634,172,1 586,168,610,186,3 592,163,612,178,3 594,157,612,171,3 605,149,618,165,3 599,145,613,160,3 602,141,612,150,3 607,138,620,151,3 606,132,618,146,3 621,143,634,160,3 609,125,621,135,3 620,120,631,128,3
test/909.jpg 529,346,630,463,3 809,495,856,575,4 922,399,1032,556,1 485,284,558,365,3 672,257,724,345,1 709,187,748,240,1 630,199,682,239,3 603,244,667,313,3 536,216,592,296,3 596,197,617,227,4 604,149,636,187,3 642,135,670,170,3 555,142,590,174,3 607,109,631,135,3 701,132,732,167,1 692,126,712,156,1 586,109,593,122,4 642,95,661,116,1 658,86,675,98,3 586,82,598,104,1 560,78,576,92,3 575,96,582,108,4 616,66,628,81,1 701,107,718,126,1 667,134,675,151,4
test/910.jpg 628,438,744,599,3 678,318,778,423,3 544,191,593,249,3 525,488,572,573,4 600,388,632,457,4 592,240,617,276,4 679,280,709,316,4 923,394,1040,557,1 640,199,680,266,1 582,177,598,202,4 648,169,683,210,1 630,154,662,187,3 606,131,634,163,3 580,128,604,168,1 703,131,735,167,1 692,127,716,155,1 661,111,684,133,3 602,105,620,133,1 626,106,642,132,1 564,109,588,131,3 633,86,640,93,4 692,91,709,113,1 649,97,665,118,1 568,78,584,92,3 598,74,611,93,1 660,83,676,96,3 682,92,695,110,3
test/911.jpg 636,455,772,624,3 745,632,915,720,3 520,447,553,515,4 842,541,898,626,4 941,420,1056,578,1 844,325,905,435,1 708,191,736,240,1 679,155,706,190,1 615,207,629,234,4 608,174,620,194,4 642,171,651,188,4 712,150,739,182,1 640,124,659,150,1 659,121,674,146,1 681,120,698,144,1 590,104,606,122,3 628,100,645,115,3 602,93,616,108,3 678,105,696,119,3 699,113,715,129,3
test/912.jpg 786,616,962,720,3 464,426,593,648,3 498,277,575,354,3 639,275,709,354,3 678,213,732,275,3 636,479,680,555,4 778,348,863,481,1 928,397,1036,554,1 743,230,767,264,4 618,167,656,208,3 597,163,607,185,4 573,156,588,176,4 575,136,588,151,4 632,144,665,179,3 705,130,733,166,1 692,128,713,157,1 613,114,636,146,1 590,101,607,127,1 565,100,584,120,3 610,104,630,125,3 661,84,674,97,3 615,85,620,94,4 584,73,596,86,3 577,84,590,108,1 568,76,582,90,3 618,66,627,79,1
test/913.jpg 934,417,1054,579,1 626,444,666,511,4 686,389,722,444,4 753,272,801,352,1 612,239,626,266,4 701,195,736,248,1 666,155,690,195,1 590,137,614,161,3 689,167,700,185,4 713,151,738,183,1 687,125,706,148,1 634,119,656,141,3 622,109,642,128,3 654,107,670,126,1 697,115,717,129,3 678,108,694,119,3 584,98,601,117,3 614,92,624,105,1 612,79,621,91,3 596,81,607,91,3 638,88,647,102,1
test/914.jpg 903,367,996,498,1 891,334,956,430,1 722,245,771,301,3 593,239,648,298,3 566,249,584,279,4 660,197,688,245,1 703,204,738,254,1 604,215,622,239,4 694,180,727,213,3 648,192,657,212,4 621,183,645,232,1 613,155,641,182,3 618,130,634,155,3 665,119,680,141,1 633,106,644,123,1 643,109,658,122,3 616,106,632,122,3 705,119,724,141,3 725,126,744,145,3 745,127,757,151,1 644,94,653,108,3
test/915.jpg 780,472,831,549,4 999,430,1114,595,1 979,393,1067,501,1 647,295,730,374,3 510,372,667,608,0 810,376,847,426,4 809,199,819,221,4 707,177,737,213,3 674,174,698,212,1 662,148,686,168,3 706,156,731,180,3 723,162,743,195,1 720,142,726,152,4 748,125,769,148,3 666,122,682,140,3 680,120,693,135,3 524,421,545,482,4
test/916.jpg 823,661,888,720,4 568,451,604,518,4 971,426,1080,590,1 953,393,1041,497,1 696,379,789,497,3 618,268,665,345,1 713,257,757,325,1 681,211,729,256,3 611,191,656,249,2 706,189,715,209,4 679,175,690,193,4 642,179,669,207,3 626,166,654,191,3 742,140,759,154,3 722,130,743,153,3 716,162,722,175,4 707,152,715,164,4 657,117,680,147,0 638,145,659,160,3 679,119,690,135,1 646,116,659,128,3
test/917.jpg 831,627,979,720,3 712,444,785,536,3 584,416,648,492,3 744,371,766,399,4 700,314,716,335,4 685,262,703,286,1 706,258,722,281,1 670,241,686,257,3 736,243,755,264,3 758,250,773,271,3 643,241,655,257,3 694,243,710,260,1
test/918.jpg 883,389,965,512,1 751,361,816,457,1 798,294,854,374,1 521,351,585,456,1 614,318,675,383,3 608,252,658,318,3 727,295,750,325,4 693,277,710,307,4 657,244,690,280,3 701,246,718,268,4 618,223,634,244,4 637,183,657,212,1 630,179,644,198,3 617,172,637,192,3 669,163,685,180,3 700,164,720,186,3 722,172,742,189,3 646,158,662,174,1 636,156,645,174,1 623,147,632,165,1 639,141,648,155,1
test/919.jpg 657,468,818,661,3 836,501,881,589,4 901,392,1020,539,1 594,434,637,510,4 439,408,573,572,3 686,368,718,427,4 661,300,689,349,4 492,286,522,331,4 617,228,660,300,1 508,197,557,254,3 628,173,641,200,4 681,126,709,161,1 559,113,586,147,3 585,99,608,125,1 613,113,641,134,3 612,87,637,108,3 547,79,560,102,1 637,79,650,91,3
test/920.jpg 689,535,811,720,1 967,456,1084,623,1 634,278,683,338,3 576,241,625,293,3 733,228,748,248,4 630,201,667,230,3 647,189,683,216,3 692,191,704,208,4 720,150,738,168,3 701,142,718,163,3 659,158,683,185,3 609,168,634,191,3 609,154,629,169,3 609,140,629,156,3 640,142,653,158,3 738,158,757,183,1 743,168,762,191,1 693,174,702,183,4
test/921.jpg 606,591,764,720,3 801,501,941,713,1 426,442,569,623,3 882,384,994,549,1 730,353,762,408,4 583,273,674,353,3 481,274,564,371,3 539,223,595,300,3 703,279,730,319,4 595,190,657,244,3 498,161,543,207,3 586,177,606,202,4 606,160,620,187,4 547,132,563,155,4 576,118,600,155,1 603,128,615,150,4 646,119,667,147,1 661,121,690,157,1 522,94,546,116,3 570,93,580,106,4 606,79,625,102,3 554,71,566,92,1 577,81,586,93,4 528,68,544,91,3 566,60,578,74,1
test/922.jpg 628,497,776,708,3 868,591,932,695,4 800,366,831,418,4 678,311,747,390,3 725,234,776,283,3 698,273,719,307,4 649,218,672,249,4 691,153,711,182,1 626,143,650,176,3 614,143,624,158,4 672,129,698,151,3 701,131,718,147,3 642,114,656,133,1 617,114,629,130,1 596,119,616,145,3 616,100,628,113,3 717,132,733,155,1
test/923.jpg 796,519,931,720,1 962,421,1066,577,1 932,379,1032,497,1 676,406,772,565,1 490,435,612,586,3 808,397,840,455,4 769,300,793,340,4 702,294,758,385,1 634,303,663,351,4 661,248,686,282,4 606,192,645,236,3 677,191,692,216,4 736,174,748,194,4 706,169,719,187,4 678,156,703,189,3 647,150,674,180,3 691,148,703,159,4 615,140,636,174,1 724,126,744,143,3 706,119,727,141,3 669,114,680,131,1 665,125,669,135,4 743,127,758,149,1 628,129,648,156,3 616,108,628,125,3 642,113,658,127,3 631,103,643,114,3 634,88,646,100,3 653,134,680,155,3 638,144,660,165,3
test/924.jpg 482,354,582,482,3 636,237,691,300,3 685,193,702,220,4 611,187,626,210,4 565,188,580,214,4 634,158,662,190,3 666,166,682,184,4 680,150,704,180,3 675,125,693,150,1 626,144,636,161,4 622,124,630,138,4 582,135,610,161,3 702,123,718,144,1 664,113,685,133,3 689,120,704,140,3 628,101,644,114,3 606,101,622,114,3 584,96,600,113,3 604,90,613,103,1 595,80,604,90,3
test/925.jpg 506,647,569,720,4 713,312,784,400,3 543,308,611,389,3 632,179,663,216,3 713,164,731,191,1 636,165,645,178,4 626,135,640,154,1 653,132,670,146,3 690,144,710,163,3 712,153,729,166,3 620,127,636,140,3 614,116,623,128,1
test/926.jpg 931,396,1046,568,1 545,462,699,666,3 718,375,749,428,4 683,335,718,380,4 514,249,562,335,1 580,262,643,329,3 658,243,713,300,3 666,205,708,255,1 546,188,590,245,3 610,198,630,222,4 650,160,692,206,3 721,139,744,177,1 704,136,724,171,1 648,138,682,173,3 612,147,623,167,4 581,131,592,147,4 627,127,647,162,1 617,120,640,146,1 647,117,674,144,3 664,106,687,129,1 703,104,719,129,1 690,100,707,117,3 671,92,687,105,3 612,99,632,116,3 581,94,604,112,3 622,79,634,93,1 592,75,604,86,3 602,92,606,98,4
test/927.jpg 1004,426,1116,592,1 975,388,1064,502,1 794,284,850,367,1 681,309,760,392,3 616,241,665,300,3 701,194,747,237,3 664,205,684,231,4 811,192,824,214,4 718,183,731,194,4 758,161,770,177,4 728,137,756,186,3 711,154,731,192,1 666,148,698,173,3 673,137,696,152,3 666,110,681,127,3 697,108,708,121,1 754,119,774,141,3 777,128,794,144,3
test/928.jpg 414,502,526,687,1 784,450,879,594,1 898,401,988,529,1 589,417,688,532,3 596,307,667,394,3 650,277,698,323,3 703,338,730,381,4 744,333,771,378,4 822,315,886,399,1 715,281,733,312,4 608,250,624,278,4 643,192,666,223,1 676,186,707,209,3 622,185,649,208,3 615,178,642,199,3 700,164,720,184,3 720,171,736,189,3 668,164,689,179,3 648,161,661,180,1 635,158,649,174,1 622,149,634,165,1 618,157,623,166,4 639,140,648,154,1
test/929.jpg 733,495,861,717,1 916,389,1041,552,1 740,386,834,504,1 692,327,760,446,1 522,191,559,258,1 609,186,650,247,1 685,190,698,218,4 548,185,585,231,3 586,191,602,215,4 586,149,619,183,3 541,169,558,190,4 553,124,585,163,3 601,115,624,147,1 648,118,670,149,1 683,124,703,154,1 694,127,726,164,1 661,93,679,119,1 649,81,665,94,3 587,100,610,119,3 564,97,574,109,4 583,91,604,108,3 610,90,631,111,3 582,76,598,90,3 558,81,574,96,3 610,74,622,91,1 574,65,584,78,1
test/930.jpg 435,668,583,719,3 718,376,827,516,3 884,517,945,594,4 924,399,1032,563,1 619,273,689,356,3 653,224,717,279,3 550,267,570,308,4 600,264,616,302,4 626,200,640,224,4 589,173,606,195,4 630,155,655,206,1 558,137,591,171,3 616,128,644,168,1 705,132,732,171,1 691,130,718,162,1 600,113,625,136,3 577,106,595,138,1 625,104,644,127,1 595,97,610,118,1 567,96,587,112,3 647,99,666,121,1 662,109,691,131,3 688,93,706,115,1 618,96,626,110,4 626,84,631,95,4 591,70,602,84,1
test/931.jpg 499,616,674,720,3 671,360,770,508,3 468,452,519,523,4 956,421,1071,574,1 929,383,1028,485,1 789,415,830,482,4 718,245,762,314,1 663,214,700,271,1 591,212,638,264,3 731,212,751,241,4 722,192,735,212,4 674,179,705,218,1 641,173,657,191,4 666,169,679,188,4 623,141,647,168,3 670,127,690,153,3 692,136,700,151,4 658,143,667,155,4 622,121,638,144,1 654,123,670,144,3 710,118,731,138,3 731,125,747,142,3 735,168,744,186,3 748,126,762,150,1 641,115,660,132,3 634,97,647,109,3 644,104,657,114,3 665,106,677,120,1
test/932.jpg 692,494,808,657,3 571,282,642,352,3 734,257,786,313,3 694,289,723,331,4 683,258,703,290,4 681,200,708,246,1 693,190,717,232,1 982,433,1085,592,1 956,392,1047,519,1 681,165,710,192,3 636,150,663,187,2 672,147,680,158,4 706,140,714,151,4 724,153,735,166,4 748,139,766,157,3 727,131,747,151,3 640,126,660,143,3 658,110,676,137,0 677,117,687,130,1
test/933.jpg 433,491,587,696,3 612,421,727,610,3 486,270,567,350,3 631,306,726,402,3 782,516,840,601,4 882,652,967,720,4 892,383,1005,552,1 592,291,628,331,4 702,283,730,335,4 625,218,641,251,4 593,209,613,240,4 531,187,555,217,4 519,139,559,171,3 613,100,647,124,3 606,130,618,144,4 600,168,631,220,1 549,91,572,118,3 578,89,594,113,1 573,75,584,97,1 591,68,604,91,1 615,81,634,105,3 630,77,642,91,3 646,85,664,101,3 559,71,570,88,1 538,71,550,88,1 548,54,557,66,3 557,57,572,68,3
test/934.jpg 670,495,792,670,3 433,675,499,720,1 972,426,1074,590,1 946,389,1035,510,1 726,300,791,392,1 593,312,645,405,1 683,239,736,291,3 601,213,651,288,2 634,195,668,234,3 615,178,646,217,3 632,168,660,198,3 635,150,662,175,3 709,205,726,226,4 678,189,695,211,4 683,168,691,182,4 694,165,703,182,4 703,155,712,168,4 730,164,738,177,4 740,137,759,155,3 720,129,740,151,3 658,119,682,150,0 628,137,640,150,4 681,120,689,137,1 649,120,660,131,3 648,109,663,122,3
test/935.jpg 616,453,715,626,1 608,372,704,468,3 684,255,707,284,4 672,174,685,190,4 659,151,667,160,4 609,127,642,181,0 697,141,717,164,3 676,141,694,162,1 661,130,676,144,3 650,141,655,151,4 717,150,733,164,3
test/936.jpg 748,602,887,720,1 960,413,1065,580,1 934,378,1030,496,1 866,515,924,595,4 622,397,667,473,4 559,288,627,375,3 689,278,708,310,4 741,223,760,251,4 682,191,716,242,3 632,186,667,229,3 604,159,630,198,1 705,166,715,189,4 730,172,747,196,4 658,158,684,181,3 640,169,669,201,3 620,144,644,175,3 674,137,682,150,4 736,125,756,150,1 722,125,742,144,3 700,116,721,137,3 642,120,661,136,3 616,115,632,136,3 629,109,644,122,3 632,93,642,104,3 628,105,633,110,4 662,102,675,115,1
test/937.jpg 634,357,738,470,3 519,311,551,357,4 673,313,693,352,4 711,243,731,271,4 698,197,713,222,4 646,184,678,222,3 632,167,644,190,4 580,172,618,205,3 683,162,714,188,3 627,142,636,156,4 680,131,701,156,1 716,137,733,165,1 668,112,688,135,3 598,102,614,124,3 618,107,636,122,3 591,108,596,119,4 632,101,648,114,3 612,95,621,109,1 597,91,606,104,1 705,119,720,143,1
test/938.jpg 643,426,771,561,3 516,286,593,375,3 604,279,669,352,3 728,279,791,368,1 668,254,716,330,1 526,214,582,273,3 656,186,697,241,1 571,189,615,234,3 572,138,600,160,3 643,147,672,172,3 671,128,690,150,1 642,134,650,149,4 634,125,643,137,4 616,122,633,138,3 609,111,616,122,4 628,104,641,118,3 664,111,685,135,3 688,122,701,138,3 700,124,716,145,1 591,106,598,114,4 576,106,584,116,4 600,102,604,109,4 610,104,615,111,4
test/939.jpg 737,401,829,559,1 929,399,1045,559,1 530,389,646,555,3 550,276,640,360,3 693,237,716,272,4 659,217,682,248,4 545,181,580,243,1 566,178,616,219,3 633,159,664,211,1 649,130,685,166,3 716,132,742,169,1 701,130,724,164,1 596,147,608,167,4 560,147,593,181,3 616,110,637,141,1 594,122,610,140,4 590,110,596,121,4 642,105,665,133,3 660,115,682,132,3 704,96,720,119,1 687,96,706,110,3 668,87,685,101,3 608,100,624,124,1 606,85,625,99,3 578,81,598,96,3 617,70,626,84,1 628,69,638,83,1 601,61,611,75,1
test/940.jpg 389,425,520,591,3 672,425,801,569,3 544,376,633,492,3 633,257,700,325,3 553,208,602,250,3 605,202,642,245,3 559,181,596,214,3 578,159,612,193,3 700,214,740,275,1 653,199,684,253,1 647,164,674,201,1 577,125,600,146,3 632,129,644,142,4 610,120,629,135,3 665,119,688,141,3 689,128,706,143,3 626,105,644,119,3 600,111,608,120,4 587,103,593,110,4
test/941.jpg 806,422,849,473,4 691,301,762,375,3 566,225,666,386,0 722,226,738,246,4 686,222,698,245,4 700,220,711,238,4 663,215,678,234,4 682,191,703,219,1 660,171,679,197,1 676,167,692,190,1 618,164,650,211,0 635,212,663,253,1 707,154,728,176,3 728,164,747,180,3 749,165,772,187,1 652,168,660,182,4 657,160,664,172,4 673,145,688,158,3
test/942.jpg 997,456,1105,616,1 981,417,1060,529,1 742,450,826,611,1 756,277,800,343,1 699,226,731,277,1 611,330,690,425,3 700,296,756,356,3 596,281,659,339,3 816,288,838,319,4 694,186,722,209,3 659,177,680,200,3 752,183,778,205,3 734,169,757,192,3 768,162,787,179,3 747,154,767,176,3 664,150,680,164,3 685,141,697,158,1 784,163,800,185,1
test/943.jpg 705,347,805,449,3 997,426,1110,590,1 981,390,1067,513,1 680,225,737,276,3 766,218,804,276,1 652,182,683,217,3 703,164,740,197,3 675,171,689,190,4 668,129,688,155,3 681,124,697,147,3 703,158,714,174,4 701,139,718,164,1 755,151,766,169,4 730,133,754,169,2 692,102,704,117,1 755,121,774,141,3 774,129,791,147,3 790,131,801,151,1 812,191,828,216,4
test/944.jpg 771,373,848,499,1 530,326,617,415,3 647,314,701,401,1 678,300,704,320,4 606,274,630,303,4 576,258,598,288,4 658,205,701,246,3 585,195,627,227,3 615,149,636,172,3 650,135,666,148,3 710,168,728,194,1 617,125,630,142,1 689,145,706,167,3 706,153,725,168,3
test/945.jpg 609,430,802,719,0 996,452,1091,609,1 966,413,1051,526,1 776,283,795,317,4 702,201,731,248,1 754,210,767,230,4 648,175,672,204,3 684,177,705,200,3 725,165,748,185,3 701,165,719,191,1 674,156,691,180,1 646,165,667,187,3 676,145,693,160,3 735,149,755,168,3 758,155,774,172,3 677,124,686,138,1 662,122,671,136,1
test/946.jpg 746,321,811,421,1 641,262,681,333,1 558,259,616,320,3 662,247,681,265,4 614,225,633,253,4 582,224,600,248,4 648,190,681,223,3 590,174,624,205,3 608,142,628,165,3 634,147,640,158,4 683,145,707,167,3 706,168,722,191,1 708,155,725,168,3 650,135,661,148,3 616,124,624,138,1
test/947.jpg 446,548,503,630,4 549,346,580,387,4 812,340,841,384,4 802,298,821,334,4 772,244,789,273,4 996,425,1102,594,1 971,381,1060,500,1 731,158,755,188,1 699,168,728,198,3 644,184,675,220,3 650,158,678,185,3 651,129,670,153,3 683,148,710,171,3 703,137,722,157,3 688,134,703,153,1 738,125,759,146,3 765,133,777,150,3 678,120,692,133,3 706,115,722,132,3 670,111,682,129,1 692,202,763,310,0
test/948.jpg 694,490,814,684,3 949,546,1006,639,4 971,424,1083,581,1 949,380,1034,501,1 792,366,873,479,1 550,312,618,389,3 657,150,696,193,0 700,226,720,254,4 748,174,761,192,4 692,131,716,151,3 663,131,682,156,1 716,124,737,143,3 739,128,755,147,3 757,132,772,155,1 626,119,642,135,3 652,123,669,137,3 643,109,652,124,1
test/949.jpg 540,523,682,718,3 700,305,729,340,4 608,129,645,191,0 683,186,696,202,4 692,144,706,166,1 668,155,680,168,4 641,153,658,174,3 706,144,718,161,3 722,150,737,164,3 657,146,664,155,4 663,131,678,143,3 642,130,651,148,1
test/950.jpg 729,598,884,720,3 544,475,662,636,3 727,372,836,497,3 941,433,1060,596,1 659,433,714,497,4 590,316,615,361,4 656,274,707,355,1 687,167,711,201,1 720,171,745,202,1 742,172,758,205,1 703,147,722,174,1 634,160,662,188,3 600,140,625,163,3 594,127,610,149,3 640,142,659,163,1 634,129,641,140,4 684,124,698,138,3 702,132,722,146,3 615,108,631,123,3 650,117,665,134,3
test/951.jpg 565,448,704,628,3 771,330,846,443,1 874,575,1026,720,1 949,430,1060,590,1 671,317,698,357,4 646,249,706,308,3 769,237,811,302,1 566,214,585,244,4 678,193,694,218,4 637,158,662,186,3 579,168,611,209,1 622,147,634,165,4 686,118,707,137,3 708,126,722,143,3 641,140,658,163,1 632,103,664,144,2 602,108,614,125,3 618,107,631,126,1 734,144,747,170,1
test/952.jpg 762,443,1158,720,2 595,493,656,570,4 743,340,807,435,1 971,443,1076,587,1 596,270,658,335,3 661,253,706,322,1 636,186,663,218,3 606,169,634,196,3 654,159,681,182,3 612,153,636,174,3 612,136,625,154,3 630,122,643,138,3 696,135,718,154,3 716,145,734,169,1 660,116,669,130,1 650,136,666,158,3 646,150,651,164,4 669,144,674,156,4 646,130,655,148,1 704,187,717,206,4 743,157,759,182,1
test/953.jpg 656,498,801,696,3 509,560,633,719,3 605,225,662,276,3 946,425,1060,586,1 774,331,849,435,1 730,414,770,474,4 725,238,769,299,1 746,193,778,236,1 594,129,611,158,1 592,160,600,174,4 642,145,649,156,4 656,190,669,210,4 640,164,670,193,3 632,128,649,147,3 626,116,639,139,1 614,123,622,137,4 684,116,705,137,3 709,123,726,140,3 622,93,646,124,2 609,94,620,112,1
test/954.jpg 662,604,746,707,4 582,405,622,456,4 754,462,892,623,3 936,434,1055,597,1 651,321,718,434,1 688,173,712,209,1 637,173,665,202,3 598,152,626,176,3 594,135,610,153,3 602,129,621,146,3 636,133,644,145,4 645,150,664,173,1 700,150,720,178,1 719,169,746,199,1 704,132,721,149,3 684,124,700,138,3 655,118,670,135,3 616,110,633,123,3 593,109,608,124,3
test/955.jpg 663,677,807,719,3 481,372,586,502,3 612,366,695,479,3 506,261,564,330,3 571,216,622,276,3 640,150,668,178,3 571,146,598,177,3 617,124,635,142,3 759,342,836,459,1 678,299,734,397,1 666,213,704,272,1 670,124,690,150,1 643,140,656,149,4 638,128,647,141,4 598,110,606,120,4 578,110,586,123,4 611,114,618,121,4 628,101,644,114,3 600,101,608,109,4 611,105,618,112,4 663,114,683,131,3
test/956.jpg 631,446,756,613,3 544,333,644,435,3 726,320,801,424,3 977,443,1108,602,1 435,536,496,613,4 671,353,702,398,4 648,310,676,346,4 784,320,816,356,4 744,227,785,289,1 721,204,753,251,1 666,210,709,248,3 710,175,726,193,4 654,172,681,209,1 613,176,648,210,3 672,160,684,172,4 650,156,659,169,4 672,145,693,164,3 713,128,736,150,3 734,136,751,151,3 755,136,774,158,1 634,127,647,142,3 652,120,668,129,3 635,119,648,128,3
test/957.jpg 390,661,454,715,4 816,669,883,718,4 955,435,1076,592,1 701,199,813,356,2 570,268,634,365,3 584,208,635,255,3 660,191,691,231,1 629,192,646,214,4 652,155,673,189,1 690,172,704,185,4 608,154,639,178,3 623,128,643,150,3 634,108,646,123,3 608,120,624,136,3 741,145,756,169,1 717,127,732,144,3
test/958.jpg 942,433,1058,592,1 653,273,708,336,3 559,257,627,316,3 716,215,752,268,1 666,225,700,274,1 691,168,715,204,1 724,169,755,204,1 652,176,662,192,4 616,176,651,205,3 586,185,618,217,3 703,132,722,148,3 679,123,698,144,3 625,124,644,140,3 601,136,624,154,3 612,131,624,136,4 614,114,630,128,3 646,108,656,121,1
test/959.jpg 582,420,691,578,3 999,452,1108,615,1 701,349,776,433,3 560,332,645,416,3 782,335,843,436,1 829,306,853,334,4 782,306,805,341,4 699,249,742,310,1 974,412,1064,530,1 771,675,890,719,1 749,180,775,206,3 733,161,756,184,3 695,191,727,217,3 656,182,680,209,3 666,147,685,169,3 688,136,700,156,1 746,147,769,167,3 769,154,784,169,3 658,141,674,153,3
test/960.jpg 561,456,604,542,4 871,506,992,712,1 938,414,1050,584,1 621,325,658,372,4 661,295,701,334,4 737,241,787,321,1 692,183,730,237,1 602,195,633,225,4 653,145,684,183,1 589,126,614,150,1 633,114,653,137,3 615,103,636,123,3 711,149,740,183,1 684,124,706,150,1 647,104,660,118,1 678,104,693,120,3 698,113,718,129,3
test/961.jpg 472,322,569,447,3 646,369,761,490,3 638,584,798,720,3 427,643,559,720,3 893,388,1012,551,1 755,372,800,423,1 588,343,636,403,1 633,280,668,320,1 617,246,643,286,1 520,227,549,267,1 706,201,723,232,1 608,193,646,254,1 512,164,563,209,3 614,145,626,167,4 615,105,642,128,3 554,100,578,131,3 584,92,602,120,1 614,84,634,106,3 596,75,610,93,1 578,84,593,104,1 564,77,578,98,1 542,74,555,96,1 566,60,576,72,3 592,59,600,73,1 634,77,647,91,3 651,86,666,102,3
test/962.jpg 646,630,795,720,3 692,405,823,566,3 593,533,656,616,4 925,391,1044,555,1 727,347,781,395,4 592,290,624,337,4 643,236,697,321,1 668,196,710,260,1 515,244,585,320,3 578,208,605,243,1 637,169,678,208,3 581,145,613,190,1 607,145,638,185,3 677,131,689,147,4 696,128,716,159,1 706,131,735,165,1 659,116,682,139,3 610,116,630,144,1 624,113,645,138,1 567,118,591,146,3 573,108,596,134,3 606,100,624,122,1 601,79,614,100,1 569,83,585,96,3 662,84,678,99,3 682,93,697,106,3 695,92,711,114,1 648,96,666,119,1 596,66,608,83,1 624,94,652,112,3
test/963.jpg 547,426,675,597,3 932,393,1044,564,1 694,299,765,407,1 547,295,630,390,3 555,221,626,298,3 558,164,594,213,1 652,186,668,213,4 680,201,701,230,4 668,167,704,204,3 630,149,661,187,1 577,152,608,189,3 565,129,599,158,3 592,131,606,147,4 650,119,686,155,3 702,127,725,160,1 714,131,742,167,1 613,104,630,132,1 604,92,625,114,1 637,98,662,126,3 669,83,686,100,3 687,92,702,107,3 604,76,620,92,3 578,75,593,91,3 593,111,608,124,4 703,92,719,116,1
test/964.jpg 161,578,376,720,3 851,325,980,484,1 422,272,530,398,3 649,253,701,313,4 501,192,572,268,3 584,159,648,227,3 489,134,549,191,3 562,106,606,156,3 472,82,514,153,3 508,69,546,105,3 581,74,616,114,3 501,46,528,70,3 532,39,560,68,3 557,33,585,54,3 505,17,528,38,3 525,23,545,48,3 627,55,646,86,1 640,59,669,95,1 608,66,628,102,1 586,15,606,40,3 536,10,556,30,1
test/965.jpg 782,448,873,622,1 970,543,1022,619,4 870,473,910,547,4 1004,428,1104,590,1 970,392,1066,507,1 702,277,775,354,3 682,199,730,241,3 758,199,794,255,1 810,193,826,222,4 704,154,737,185,3 656,165,684,194,3 677,159,689,173,4 754,120,774,142,3 666,125,686,146,3 680,119,700,139,3 689,101,701,116,1 721,137,728,150,4 700,129,717,153,3 700,152,710,164,1 731,133,763,168,3 674,115,683,127,4
test/966.jpg 510,602,650,720,3 816,591,969,720,1 930,396,1050,569,1 547,348,662,473,3 534,208,578,281,1 703,290,734,334,4 670,260,698,299,4 578,212,627,266,3 663,208,706,259,3 646,178,680,233,1 553,168,593,213,3 601,167,617,199,4 648,141,689,186,3 717,136,744,173,1 624,119,644,150,1 602,135,615,153,4 584,116,595,137,4 608,91,631,111,3 580,84,601,104,3 665,102,685,128,1 703,101,718,123,1 690,96,708,117,3 670,87,686,103,3 618,75,630,93,1 602,66,614,79,1 586,69,602,83,3 645,110,669,141,3
test/967.jpg 585,322,627,370,4 840,417,935,581,1 938,413,1054,585,1 718,219,767,286,1 687,171,719,216,1 652,236,675,265,4 616,249,641,283,4 605,167,620,188,4 649,136,672,169,1 678,149,687,168,4 682,122,703,150,1 663,126,683,157,1 588,118,612,140,3 709,149,736,183,1 698,113,716,131,3 676,104,694,120,3 629,106,648,127,3 610,100,626,119,3 604,84,614,100,1 638,99,653,116,1
test/968.jpg 693,540,875,720,3 460,427,591,594,3 906,366,1007,497,1 890,331,954,426,1 716,200,752,236,3 623,192,667,234,3 684,175,715,211,1 654,165,678,205,1 595,183,611,207,4 616,178,630,197,4 625,154,648,194,1 614,149,638,176,3 661,114,674,132,1 703,119,723,141,3 725,127,742,147,3 612,116,628,139,3 620,112,636,130,3 682,161,710,182,3 670,156,678,167,4 620,136,641,151,3 742,127,754,149,1 647,110,654,120,4
test/969.jpg 671,497,876,720,3 928,407,1049,577,1 710,461,749,496,4 752,424,796,493,4 746,276,822,375,1 670,317,738,426,1 678,224,731,297,3 570,219,630,277,3 628,200,674,246,3 742,199,782,255,1 630,178,650,199,4 675,141,698,176,1 678,127,697,151,1 691,111,715,129,3 661,109,678,133,1 634,104,653,129,1 601,115,610,127,4 673,104,690,118,3 611,109,620,122,4 581,106,592,118,4 623,100,638,118,1 649,105,664,123,3
test/970.jpg 828,538,892,635,4 1012,434,1120,609,1 986,391,1079,526,1 749,403,796,469,4 792,348,837,398,4 690,302,715,343,4 761,239,813,298,3 704,218,742,276,3 630,227,686,280,3 777,202,794,225,4 740,174,760,196,4 787,180,800,198,4 772,169,783,185,4 714,167,730,187,4 704,149,717,163,4 732,153,745,166,4 728,129,743,149,1 764,125,787,150,3 785,135,802,154,3 673,121,691,139,3 745,148,760,171,1 701,113,716,129,3 687,115,702,131,3
test/971.jpg 701,435,816,610,3 301,634,484,720,3 938,437,1054,606,1 576,350,657,452,3 711,317,797,406,3 657,340,692,388,4 656,236,700,303,1 598,263,621,300,4 688,165,708,199,1 706,146,723,173,1 631,153,655,175,3 604,133,627,154,3 636,136,653,158,1 589,123,605,142,3 644,116,660,132,3 679,127,698,140,3 703,134,719,151,3 718,171,743,206,1 616,110,628,121,3 628,124,637,134,4
test/972.jpg 772,551,832,645,4 711,218,730,240,4 605,148,652,220,0 684,171,693,184,4 644,174,672,203,3 648,147,661,169,1 665,159,674,171,4 700,144,720,166,3 634,123,647,135,3 737,152,754,171,1
test/973.jpg 715,424,824,574,3 993,448,1095,606,1 971,408,1064,523,1 659,291,711,380,1 726,241,766,291,1 727,220,775,258,3 640,225,688,276,3 800,221,819,244,4 723,187,734,201,4 658,169,686,196,3 641,180,653,195,4 685,153,709,175,3 740,155,756,177,1 759,151,779,172,3 656,154,679,178,3 678,132,692,148,1 656,127,673,144,3
test/974.jpg 393,573,556,720,3 847,533,904,623,4 982,435,1104,601,1 960,394,1049,516,1 808,406,860,470,4 748,390,776,446,4 670,285,733,355,3 730,221,777,264,3 686,227,706,252,4 704,211,721,234,4 624,199,669,241,3 706,178,731,219,1 686,164,714,204,1 677,145,705,169,3 641,134,666,164,2 716,144,725,157,4 730,130,751,155,3 750,138,770,158,3 701,132,710,144,4 654,102,672,126,0
test/975.jpg 465,585,645,720,3 786,648,850,719,4 763,436,892,585,3 526,347,635,465,3 956,417,1061,583,1 936,381,1020,506,1 631,269,694,369,3 592,222,642,272,3 582,216,601,247,4 642,169,678,215,3 682,158,709,197,1 704,115,726,136,3 726,123,744,139,3 742,123,758,146,1 706,146,718,162,4 684,141,694,158,4 672,140,681,152,4 657,140,674,172,1 620,140,648,163,3 647,127,668,151,1 620,111,636,128,3 639,105,651,119,3 650,106,666,125,3
test/976.jpg 645,453,748,635,1 987,447,1103,614,1 970,405,1058,531,1 740,295,795,385,1 627,296,692,369,3 756,269,816,329,3 813,245,836,274,4 726,214,746,237,4 652,197,692,234,3 620,215,636,236,4 690,175,718,202,3 735,160,753,186,1 647,170,670,200,3 680,172,692,187,4 650,153,669,170,3 756,154,776,169,3 736,146,758,168,3 682,141,696,160,1 648,135,668,152,3 666,130,682,144,3 677,160,687,172,4 702,166,711,177,4
test/977.jpg 507,399,616,559,3 960,418,1065,585,1 940,376,1024,498,1 600,173,632,222,1 682,357,722,405,4 756,267,785,312,4 683,218,728,289,3 623,225,671,285,3 639,190,676,226,3 654,169,690,204,3 716,183,730,203,4 618,154,647,194,3 678,145,694,163,4 672,121,688,141,1 640,121,664,141,3 616,118,636,140,3 700,115,724,141,3 723,123,742,142,3 738,125,758,144,1 733,173,748,193,4 632,108,648,125,3 615,113,631,127,3 632,93,642,106,3 618,87,626,99,1 558,647,626,720,4
test/978.jpg 728,567,772,647,4 789,476,895,603,3 699,363,762,437,3 606,361,667,419,3 730,320,750,345,4 695,284,704,300,4 680,240,699,265,4 694,236,710,258,4 689,223,704,241,4 662,221,679,239,3 732,228,752,248,3 755,237,771,250,3 777,250,796,280,1 771,245,793,270,1
test/979.jpg 616,361,712,475,3 847,636,1034,720,3 979,432,1094,607,1 947,389,1046,521,1 850,413,901,473,4 731,345,776,392,4 690,270,750,335,3 597,246,654,300,3 721,244,738,273,4 674,226,691,250,4 711,214,730,239,4 730,189,766,226,3 715,160,736,190,1 681,180,697,201,4 696,175,708,191,4 658,188,689,221,3 641,152,668,178,3 684,149,704,172,1 666,130,684,148,3 639,122,658,145,2 725,131,749,156,3 697,135,708,145,4 749,141,766,157,3 689,128,696,137,4 642,99,659,120,0
test/980.jpg 820,636,956,720,1 979,436,1091,602,1 952,398,1045,517,1 796,447,940,596,3 510,408,550,469,4 821,334,857,376,4 727,285,763,324,4 622,289,698,365,3 690,231,732,279,3 617,216,654,258,3 714,154,736,187,1 666,202,683,225,4 708,194,722,212,4 678,174,697,190,4 642,142,668,165,3 656,172,680,200,3 684,142,700,167,1 728,133,748,156,3 746,145,770,158,3 736,189,768,217,3 664,130,684,146,3 640,121,656,144,2
test/981.jpg 510,491,645,683,3 994,426,1122,592,1 976,389,1065,510,1 766,349,838,471,1 898,435,943,491,4 834,368,859,416,4 696,230,760,289,3 753,187,786,233,1 809,196,825,217,4 680,174,718,212,3 658,152,681,182,3 678,149,688,167,4 700,147,733,176,3 698,143,712,155,4 700,125,713,146,1 716,128,724,141,4 661,120,684,137,3 684,116,704,132,3
test/982.jpg 1010,436,1120,605,1 991,396,1082,526,1 757,290,822,375,1 761,224,781,250,4 735,201,754,223,4 754,194,767,213,4 732,164,748,182,4 701,152,724,185,3 671,150,698,178,3 733,132,748,155,1 700,133,709,145,4 796,161,810,175,4 746,133,761,154,3 764,130,785,153,3 788,137,805,155,3 801,138,817,158,1 714,116,727,135,1 698,108,713,121,3
test/983.jpg 1008,434,1117,600,1 987,394,1078,525,1 752,272,812,336,3 658,282,723,356,3 664,216,706,264,3 728,172,752,209,1 727,158,736,174,4 715,150,728,164,4 682,127,699,146,3 721,122,733,142,1 710,131,718,142,4 763,129,783,149,3 797,137,813,159,1 783,136,803,155,3
test/984.jpg 965,424,1072,577,1 936,384,1028,497,1 786,373,831,427,4 642,226,688,284,3 771,232,795,264,4 616,204,653,241,3 622,180,662,211,3 642,164,672,197,3 681,210,704,232,4 705,181,738,218,1 706,127,726,149,3 659,147,668,158,4 660,121,677,139,3 616,110,636,134,0 638,113,652,131,1
test/985.jpg 757,370,846,511,1 959,418,1087,585,1 937,377,1029,511,1 667,302,737,417,1 548,315,631,411,3 760,302,804,354,4 692,237,742,308,1 746,245,771,276,4 638,240,662,276,4 667,210,691,239,4 613,168,652,213,3 652,138,676,164,3 678,146,701,177,3 671,169,686,185,4 702,154,713,169,4 738,172,751,192,4 620,132,639,160,1 707,116,728,141,3 726,127,745,142,3 652,125,676,146,3 633,134,657,153,3
test/986.jpg 525,293,612,374,3 933,425,1068,586,1 750,326,814,438,1 795,340,833,384,4 676,290,730,384,1 711,226,760,297,1 656,187,693,235,3 650,164,683,197,3 572,176,612,208,3 598,149,627,177,3 630,153,643,170,4 632,131,651,156,1 603,138,615,151,4 710,159,740,198,1 692,137,712,168,1 679,115,695,136,3 607,108,622,123,3
test/987.jpg 727,515,842,719,1 993,435,1105,612,1 969,390,1058,529,1 877,388,928,442,4 698,258,761,319,3 631,234,682,294,3 742,186,778,227,3 662,162,692,197,3 730,145,754,167,3 660,146,681,165,3 746,133,766,156,3 769,141,782,160,3 697,136,713,162,1 698,120,713,140,1 678,133,687,145,4 690,136,697,147,4
test/988.jpg 582,490,746,699,3 933,619,1001,712,4 744,455,798,525,4 568,297,641,368,3 692,325,776,417,3 979,435,1091,592,1 956,390,1052,513,1 738,291,775,333,4 687,259,710,289,4 732,251,757,279,4 660,209,697,249,3 732,198,773,235,3 683,192,699,214,4 699,184,714,202,4 640,162,676,193,3 685,151,708,181,1 712,164,735,195,1 667,134,690,153,3 705,141,714,151,4 692,126,703,136,4 726,132,748,155,3 750,137,767,159,3 640,125,661,153,2 647,102,663,122,0
test/989.jpg 406,439,545,613,3 934,439,1059,622,1 689,353,788,479,3 596,282,653,362,3 698,275,771,349,3 657,291,680,326,4 656,208,691,266,1 598,230,622,262,4 690,162,710,197,1 716,175,743,207,1 707,147,726,176,1 681,130,698,146,3 628,145,652,169,3 602,129,623,149,3 587,122,606,138,3 630,133,646,150,1 636,114,654,132,3
test/990.jpg 542,573,730,720,3 853,311,984,471,1 323,326,474,483,3 637,186,672,221,4 443,175,529,258,3 513,136,571,207,3 578,111,638,169,3 498,92,551,143,3 555,67,595,108,3 581,45,612,89,3 507,44,542,77,3 483,53,520,110,3 500,21,525,47,3 527,18,556,44,3 550,11,574,36,3 575,43,589,61,4 584,1,607,25,3 640,47,668,83,1 630,43,651,75,1 502,1,522,19,3
test/991.jpg 426,440,578,650,3 298,306,423,501,3 593,361,712,505,3 860,357,975,526,1 635,196,692,280,1 574,228,648,331,3 482,219,558,295,3 496,153,541,206,3 555,143,608,187,3 525,115,564,158,3 652,182,672,208,4 665,165,685,187,4 500,92,533,123,3 569,110,612,144,3 561,108,574,126,4 529,80,542,95,4 554,73,573,101,1 504,52,529,73,3 513,36,526,56,3 590,56,615,82,3 533,66,545,79,4 552,53,561,63,4
test/992.jpg 401,392,552,550,3 661,412,767,581,1 907,383,1023,550,1 695,315,738,363,4 578,168,626,231,3 598,123,624,166,1 575,113,597,150,1 685,126,718,162,1 679,123,698,155,1 617,121,644,148,3 630,111,653,136,3 552,96,572,125,1 612,95,635,123,3 627,87,646,110,1 571,71,582,90,1 591,69,607,87,1
test/993.jpg 734,544,871,720,1 953,431,1088,608,1 655,167,682,208,1 650,142,671,174,1 681,120,698,142,1 762,453,814,525,4 508,415,557,482,4 587,218,630,285,3 591,179,634,216,3 632,172,648,189,4 608,137,639,163,3 696,172,789,308,2 696,161,710,176,4 620,121,640,139,3 606,113,624,129,3 663,116,683,139,3 629,103,646,121,3
test/994.jpg 984,451,1093,624,1 960,408,1056,527,1 708,219,744,270,1 678,162,696,191,1 705,174,728,203,1 648,186,678,222,3 637,174,671,199,3 724,163,748,185,3 678,146,701,168,3 647,139,666,155,3 766,218,781,240,4 734,318,758,358,4 663,123,674,137,1 678,125,688,140,1
test/995.jpg 692,345,772,491,1 911,386,1019,547,1 702,291,770,398,1 680,255,735,347,1 532,167,565,222,1 597,162,628,217,1 647,110,668,141,1 652,91,672,113,1 596,104,616,133,1 698,126,726,161,1 684,123,704,155,1 608,72,624,90,1 580,70,593,88,3 582,91,601,111,3 554,75,573,91,3 560,100,579,122,3 567,117,599,156,3 550,161,587,203,3 596,141,628,171,3 612,159,655,195,3 606,86,626,106,3 678,174,695,196,4 545,150,562,173,4 561,92,572,103,4
test/996.jpg 581,425,705,594,3 804,587,881,687,4 705,324,782,433,3 626,267,686,330,3 587,212,635,280,1 659,216,711,270,3 745,227,770,258,4 617,190,654,241,3 690,170,703,187,4 679,129,702,155,1 626,132,647,158,3 644,133,664,156,3 747,180,761,199,4 620,125,642,144,3 638,117,658,138,3
test/997.jpg 663,487,818,680,3 680,333,756,445,3 578,249,628,317,3 853,426,902,491,4 689,203,712,228,4 763,303,823,392,1 966,418,1078,578,1 944,380,1036,505,1 642,141,684,173,0 682,129,706,149,0 619,114,638,130,0 653,127,677,151,1 646,116,659,130,3 635,104,648,118,1
test/998.jpg 577,433,716,601,3 648,255,722,329,3 632,198,680,249,3 704,180,746,242,3 710,166,751,207,3 668,139,699,166,3 767,187,786,210,4 814,178,830,201,4 652,186,669,200,4 662,172,679,187,4 792,371,830,420,4 807,287,874,380,1 713,109,731,133,1 671,106,690,129,1 671,93,684,106,3 703,105,722,122,3 756,107,777,128,3 778,116,795,133,3 1008,419,1113,586,1 980,371,1074,499,1
test/999.jpg 633,318,721,432,3 662,180,694,206,3 642,138,662,153,3 742,186,763,209,3 689,141,709,162,3 710,149,728,168,3 627,162,646,191,1 700,243,720,269,4 656,219,673,239,4 714,165,732,190,1 625,125,638,140,1 641,155,650,168,4
